0, 0, [0.4203698112641414, 0.1496727007713341]
0, 1, [0.8928384189584146, -0.9211880913772268]
0, 2, [-0.027180243817137795, -0.10852652658514339]
0, 3, [0.20162813099768573, 0.10075233916843396]
0, 4, [0.3161167802991376, 0.9489930079469029]
0, 5, [0.26015677306584273, 0.6978873003833059]
0, 6, [-0.2874994065396639, -0.7276149322065253]
0, 7, [0.21496286920606544, 0.9357227175449083]
0, 8, [0.9155202030305005, 0.9129309852279106]
0, 9, [0.6978999469719491, -0.8063910194692945]
0, 10, [-0.25806133542967125, -0.47588465535587576]
0, 11, [0.5681549645809776, -0.9815364553014789]
0, 12, [0.6175472916357287, -0.6688055519864093]
0, 13, [-0.8131999422319118, 0.18065888278217646]
0, 14, [0.8943132277876955, -0.294939737903549]
0, 15, [0.13946653126709108, 0.975106575568284]
0, 16, [-0.3867614051417534, -0.4437184379986423]
0, 17, [-0.2690674140331535, -0.32810615530021336]
0, 18, [-0.17323902449022643, -0.09221847729601618]
0, 19, [-0.45388143955720217, 0.9446600359811137]
1, 20, [-0.21441650078162966, 0.005509524124694298]
1, 21, [-0.08004532618483728, -0.9709929176204948]
1, 22, [-0.623687010593956, 0.9168182482743243]
1, 23, [-0.3929608328667189, 0.7082313951729335]
1, 24, [-0.5936708947328593, -0.7196882032361684]
1, 25, [-0.8659062801961455, 0.0053310401914592465]
1, 26, [-0.9260793764384561, -0.8785385519733375]
1, 27, [-0.41999594754338054, -0.8593179083429257]
1, 28, [0.33040116821152465, -0.945717400909005]
1, 29, [-0.8847212290961386, 0.7248062562945132]
1, 30, [0.42436194912802816, 0.5897636398668475]
1, 31, [-0.16077001497600474, 0.7192323992469778]
1, 32, [-0.5286907162607046, -0.9049392237115579]
1, 33, [0.9095368964915418, 0.5985689531100566]
1, 34, [-0.7469061854219334, 0.1474169374118206]
1, 35, [0.6109820472310312, 0.4079420743564426]
1, 36, [0.16442885258081508, -0.11972247131532043]
1, 37, [-0.3707091939610434, -0.580283702806982]
1, 38, [0.2491854949577441, 0.58509227684825]
1, 39, [0.727644260914792, -0.0843170399405142]
1, 40, [-0.39295642127820196, 0.3108070856141376]
1, 41, [0.26757743633868514, 0.25566534084750514]
1, 42, [-0.8985326651996441, -0.50593391715288]
1, 43, [0.5726145851115396, -0.15924374968398403]
1, 44, [0.26286569391988457, 0.7566596245014812]
1, 45, [-0.9978654189047087, 0.8391689115211729]
1, 46, [-0.44381201537145465, -0.0772304759500444]
1, 47, [-0.2154009371843253, -0.38505217043447826]
1, 48, [0.7700957492650586, -0.9629218907961565]
1, 49, [0.15341826975346984, 0.6845513914729557]
1, 50, [0.1852427907659444, -0.2941762653823543]
1, 51, [-0.8646321428625017, -0.2764150382657484]
1, 52, [0.392085431299934, -0.5635984662424383]
1, 53, [-0.5393867775467136, -0.3442733477940303]
1, 54, [0.1540362632578225, 0.8171219717952836]
1, 55, [0.4950358651033735, -0.8218437607548899]
1, 56, [-0.45033492047283374, -0.6427423388269788]
1, 57, [0.8396991922906691, 0.2125606838288696]
1, 58, [-0.22195933991883177, 0.5985229353501749]
1, 59, [-0.7010698124400738, -0.28194242566257355]
1, 60, [-0.5258009203020508, 0.7126470132672813]
1, 61, [0.2876350598375712, 0.06214167557578465]
1, 62, [0.1571132995193234, -0.7842833192275636]
1, 63, [0.4301068603038003, 0.7180267542334291]
1, 64, [0.5204307650053734, -0.3415189031300334]
1, 65, [-0.903275927754758, 0.4415194767005106]
1, 66, [0.6766352498291965, 0.19282551925249924]
1, 67, [0.9315798252531851, -0.722171328093671]
1, 68, [-0.8218194490804311, 0.7681373227466719]
1, 69, [-0.9567781912370299, -0.24152237389124598]
1, 70, [-0.33546597702265424, -0.622696652018293]
1, 71, [-0.5376761535719505, 0.47075445434142216]
1, 72, [0.32195850365473455, 0.2505927532091714]
1, 73, [0.714250190489929, 0.8168996862290139]
1, 74, [-0.0067480172002012395, 0.18669501402877842]
1, 75, [0.9111149903052369, -0.7725037426815966]
1, 76, [-0.26244524491940857, -0.6863001648887346]
1, 77, [0.6370793695122239, 0.3532934122126019]
1, 78, [-0.08427569864404783, -0.5111814556092853]
1, 79, [-0.9177302952368989, -0.16803936431807864]
1, 80, [0.4646698432368719, -0.7258341481318042]
1, 81, [-0.6251595572862534, 0.11103405982971126]
1, 82, [-0.07557264573243883, 0.9669326948371104]
1, 83, [0.867346727129441, -0.4944171011215037]
1, 84, [0.9946477803157736, 0.5157993853089153]
1, 85, [-0.747268712651068, -0.8211098901677014]
1, 86, [0.9225617613421846, -0.6785474243593608]
1, 87, [-0.18312760638857495, -0.9432949819998795]
1, 88, [-0.13762614723481303, -0.10241467271594895]
1, 89, [0.8787779421253794, -0.17960590204132498]
1, 90, [-0.5035689324197727, -0.8402246551233168]
1, 91, [-0.47384610645435843, 0.07157921099060438]
1, 92, [-0.32859979130264017, -0.28684789563212876]
1, 93, [0.12321438222739789, -0.4793801535038633]
1, 94, [0.5780795705103696, 0.9257789807046084]
1, 95, [-0.2507587953402566, 0.6235604130049166]
1, 96, [0.09136140116858571, -0.1968074785333529]
1, 97, [-0.27945720089594484, 0.4769303511984533]
1, 98, [0.2872512575280006, 0.7205561680171451]
1, 99, [0.6551011053944096, -0.022950494742157268]
