0, 0, [6.891099721545668, 2.925114756819225]
0, 1, [-3.448204630324798, -8.928167617749263]
0, 2, [7.9756239869942505, 4.972186388853155]
0, 3, [1.8736086720225735, 4.688660387745454]
0, 4, [-1.800736186127546, -4.3070472023787465]
0, 5, [0.451505051875813, 1.941745200794534]
0, 6, [-3.5699358956835123, -5.97110498802251]
0, 7, [2.050102446235142, -2.2148589176655467]
0, 8, [-3.946119577565275, 0.9243104971034235]
0, 9, [2.2865717157166987, -0.7661655148124051]
0, 10, [0.17387052043515716, 1.209816185886794]
0, 11, [-4.449155060780205, -4.99610403317356]
0, 12, [-5.278135850015078, -6.143838281426417]
0, 13, [-8.09788116188244, -5.367730612153016]
0, 14, [0.5989381832342886, -0.7928512923465689]
0, 15, [2.967522250374987, 0.30824713727538544]
0, 16, [-5.175817796967898, 1.9685146222185708]
0, 17, [8.083689841904818, -6.311394806437976]
0, 18, [-4.77338780056506, -2.735267106353662]
0, 19, [-4.460289769839434, 1.3015938655564856]
1, 20, [-0.9237921168741199, -1.8731170670199067]
1, 21, [3.1860690175815094, 4.2906966139403995]
1, 22, [-1.199332105670953, 4.9233433668893785]
1, 23, [-4.717593709720611, 1.007755598644156]
1, 24, [4.315660123412075, 2.9893424420489367]
1, 25, [7.699490015521391, -6.308463708523439]
1, 26, [-3.1748342024054486, -4.736407877314895]
1, 27, [2.576797062776709, 5.504232144463382]
1, 28, [5.036695511175518, -0.6413200986441954]
1, 29, [-5.730379147152651, 4.7439275844106366]
1, 30, [6.174379115524431, 5.971865127463374]
1, 31, [6.011475751951981, -1.9089223284585124]
1, 32, [1.533558689344222, 4.177353731372131]
1, 33, [-7.06305461119642, -1.5190973440562345]
1, 34, [-4.14985256753485, -6.58091974781386]
1, 35, [1.2947489053067525, 5.233753683871749]
1, 36, [4.988124183159183, -7.012813020097942]
1, 37, [-2.8796452554476524, -0.9445647621337336]
1, 38, [3.3655669983209098, -4.647844555869172]
1, 39, [-5.103667499832085, -3.4476375270890367]
1, 40, [0.7940444209089232, 3.9870513572689212]
1, 41, [1.046335175615269, -1.7260223813720437]
1, 42, [-2.751870330037935, -3.826431466520006]
1, 43, [3.5174252494645426, 0.9274383630121168]
1, 44, [-2.2882875844674793, 5.5678961511922225]
1, 45, [-4.55092950978389, -1.949743082790473]
1, 46, [-2.04010893361634, 2.733141897157978]
1, 47, [7.935942271461748, 2.29401222508319]
1, 48, [0.9255647867817469, -4.328127571810621]
1, 49, [2.1343501630710584, 3.4686449679499773]
1, 50, [5.194830090180185, -3.607456764497062]
1, 51, [5.155355195112527, 1.6108978859333334]
1, 52, [-1.113395643511888, -0.2821529675861463]
1, 53, [-2.7206910158565947, -4.762041996218889]
1, 54, [-4.104123275294041, 3.6429310261044776]
1, 55, [6.334708515729723, 5.238045553757063]
1, 56, [-0.46750993560544707, 8.60271138198177]
1, 57, [-1.957326251973722, -4.765694159025884]
1, 58, [4.559788484775687, 2.6637971197458867]
1, 59, [-1.311544802087944, -6.641138043984352]
1, 60, [-2.5341800093563265, -0.4739954246357385]
1, 61, [2.0496332590556214, -3.1380575489591322]
1, 62, [-5.807364182467819, 1.1731399728588965]
1, 63, [-0.13625356192288862, 1.725985211547055]
1, 64, [0.35096540806047294, -0.20011768998275414]
1, 65, [-0.380391842613923, -1.9356220552167045]
1, 66, [-7.876343015357624, -6.599059990514132]
1, 67, [3.1231701698433767, -0.6594202288150086]
1, 68, [-0.7372185354104399, -1.2261136937902926]
1, 69, [-6.900467369069623, 1.2740949160833068]
1, 70, [-5.955347212437953, -5.3634521371261]
1, 71, [2.0578162700147207, -6.708103084215741]
1, 72, [-2.3094779487356316, 5.261791504048183]
1, 73, [4.780657705887993, -8.079812537826479]
1, 74, [-3.7071012297156543, 5.812176081446134]
1, 75, [1.8448889786272105, 4.366968595559321]
1, 76, [5.713251895443076, -0.2274992186770426]
1, 77, [-0.3793219270299346, 2.5681037511185814]
1, 78, [5.129011922903333, 7.3125143924208125]
1, 79, [2.1826370248264446, -5.240131569772819]
1, 80, [7.537422931196797, -0.9758634916697524]
1, 81, [-0.9268168072651299, -0.11961273745171752]
1, 82, [-4.881348691741567, -4.983158973901638]
1, 83, [-7.606654634033698, 5.399087763207394]
1, 84, [7.207301647412741, -1.4193753373132125]
1, 85, [-2.8886266096576865, 6.2752586494491425]
1, 86, [3.6779035006847494, -7.168492946521752]
1, 87, [-4.471989409894509, -2.034271357952849]
1, 88, [4.1505730295528735, 1.1366532159606457]
2, 89, [2.3831396434448706, 1.4928668217299919]
2, 90, [1.77854964291053, 6.259285636314985]
2, 91, [-0.5299435121274616, -0.8561127061175764]
2, 92, [0.8444254017434645, -0.989108418858688]
2, 93, [-3.34064739879069, 1.1621371370156588]
2, 94, [-6.460551272937898, 6.450266112608734]
2, 95, [7.5165497913612604, -2.1083627059832786]
2, 96, [4.235402597739856, -3.683277439646563]
2, 97, [2.9731431334772314, -5.179169765276406]
2, 98, [-1.0342131392715945, -5.5627962088699405]
2, 99, [8.004510162005651, -4.761289242186704]
2, 100, [3.585269643511131, -8.019953801976014]
2, 101, [-1.5252389434598328, -2.2979956184048707]
2, 102, [-0.09836992658876476, -1.8200339758162158]
2, 103, [-0.31763595718225446, 4.588572083716151]
2, 104, [-4.633494043730767, 0.8299484902778094]
2, 105, [-0.9580535393235188, 0.4924849651595302]
2, 106, [6.909418112196022, 4.093381205040419]
2, 107, [6.457616076952071, -4.551808934149051]
2, 108, [-0.8249068833885058, -5.333304087398939]
2, 109, [3.861440307979491, -2.336340882536735]
2, 110, [0.9596695614260486, -0.28979782567376944]
2, 111, [-1.8426091882456337, 4.001270316639365]
2, 112, [-2.829504386657403, 1.035074820126594]
2, 113, [-6.580970971057409, 1.5570210258803776]
2, 114, [-2.815165528304763, 0.6511710259204619]
2, 115, [1.2540871577528652, -3.854456555630227]
2, 116, [4.206785381098552, 3.887331275487991]
2, 117, [-5.457302814231212, -2.3508259115901726]
2, 118, [-4.88544189423291, -7.3963197148362125]
2, 119, [-5.464423063936701, -7.235378599542324]
2, 120, [4.281794969769317, 3.7699269965392617]
2, 121, [-6.087378665838927, 1.4890956861214377]
2, 122, [4.5031834594358635, -4.984575300916312]
2, 123, [-3.248695893852231, 2.5168581139191133]
2, 124, [-0.62613754811305, 4.905760349681657]
2, 125, [-0.21427678611316558, -3.7782194275361647]
2, 126, [0.4553740220760609, -1.6268602714087557]
2, 127, [4.472023055261969, 1.6520449634070271]
2, 128, [5.545651845281952, -0.316374819814472]
2, 129, [-3.599656789945902, -3.2981110319682863]
2, 130, [9.250044665258319, 2.3088589273005162]
2, 131, [-5.23551177179069, 0.6672404888887655]
2, 132, [7.4470995009487275, -3.017626235556804]
2, 133, [1.2539197968366445, -4.410450669672258]
2, 134, [-4.95848027729206, -7.433975448037104]
2, 135, [0.8678238019837199, 1.5582730628125745]
2, 136, [-1.5451608586107781, -7.982015325479721]
2, 137, [1.4586516713257343, 2.831833397887083]
2, 138, [-2.383290481515581, -6.868929102758392]
2, 139, [1.9939158920486797, 2.168205870714406]
2, 140, [-2.741906083293183, 4.0401174639179604]
2, 141, [-1.860798884413219, 3.812038816926684]
2, 142, [-2.22627689155812, -2.8599231801607496]
2, 143, [-4.997211602959355, 6.5413674682096214]
2, 144, [-3.759837322242067, 0.47999413425685233]
2, 145, [7.686365516927481, 0.34783384869504097]
2, 146, [-4.167613428709807, 3.436201528079547]
2, 147, [2.4589577837662997, 1.6151333403536867]
2, 148, [-4.733205857263462, -0.7417752355606613]
2, 149, [3.705440048026116, 0.7840188567624917]
2, 150, [-3.8926443080816933, 4.728076394190932]
2, 151, [-2.3600150239767963, -2.550327874305011]
3, 152, [1.3800705215748756, -5.941631585430162]
3, 153, [-1.984314230288689, 2.98970577167397]
3, 154, [-7.520529012113853, -2.975979117850434]
3, 155, [-2.3772595453374326, -1.2871025023337843]
3, 156, [-1.35327162836718, 4.637901466029213]
3, 157, [1.502921562106586, 8.573357662348258]
3, 158, [1.3875518428213454, -0.4052418729959939]
3, 159, [-3.2314439805353876, 0.3233173059924894]
3, 160, [4.017332212335628, 3.590586173306363]
3, 161, [-1.827679389916808, 0.2718437205035684]
3, 162, [0.3800284821647377, -3.2146881224749073]
3, 163, [2.8934136199832174, -4.871635381563242]
3, 164, [6.861111462812456, 3.280777304905209]
3, 165, [2.8484909084595937, 2.675132400502413]
3, 166, [5.126469724819467, 5.055048395245889]
3, 167, [-5.5762608017518485, 1.5390961141350772]
3, 168, [3.7801937780064794, 3.9294523063254]
3, 169, [-0.8999931922575257, -5.201962959047144]
3, 170, [-5.798476403729551, 0.9318306041371258]
3, 171, [4.712320710692628, 4.638934035530598]
3, 172, [-6.4698235708731495, 8.252335011591128]
3, 173, [-0.5743280567546165, -4.460628673600651]
3, 174, [-3.9373529940894763, 4.841066217320764]
3, 175, [-5.909548555075752, -4.3617367567073035]
3, 176, [-0.03199337420971737, 2.555573285232631]
3, 177, [5.22489233316681, 5.527343474342985]
3, 178, [-0.18671011520624603, 3.2780640602175986]
3, 179, [5.3743701716721155, -1.139019840011862]
3, 180, [7.561973912514759, 0.711715658962822]
3, 181, [6.348247665328955, 3.683811849149375]
3, 182, [2.4633839358276433, 2.3141361380008956]
3, 183, [-7.318472957927076, 3.1368947901123043]
3, 184, [-5.125323709489683, -3.983711087388908]
3, 185, [-2.403579894933886, 0.3128075170858686]
3, 186, [1.9847905952421527, -4.20143627754635]
3, 187, [-3.8343144215244873, 3.950587353615047]
3, 188, [1.5418160812940958, -3.690380313854524]
3, 189, [1.356073534471518, -4.1877007398530965]
3, 190, [2.4516616120316552, 4.83424371793433]
3, 191, [4.3358730222786495, -5.902681747028382]
3, 192, [-5.39479792986935, 2.383588629324615]
3, 193, [-4.6423308301830035, -2.1267843830749875]
3, 194, [1.261051644652273, 3.397408215579123]
3, 195, [-5.43748513914322, -1.4482802310868017]
3, 196, [-2.0494027094535365, -0.16433327712470103]
3, 197, [0.9431550139315092, 0.6781587671031364]
3, 198, [3.9920133367054085, 2.4009303768357366]
3, 199, [7.32500515828454, -2.243023525358847]
3, 200, [3.1847517544487616, 0.8306839680056868]
3, 201, [1.8623686041117526, -2.7729615782779433]
3, 202, [-4.947500422403484, 3.6571634768409726]
3, 203, [5.167531684308974, -2.2173020549862974]
3, 204, [4.691796424995028, -7.7794786234514195]
3, 205, [-1.9601654377727336, 0.9567313345784161]
3, 206, [6.2974322777393255, 1.1128969881934996]
3, 207, [3.031585059613434, -3.8547342073642223]
3, 208, [-7.149222029125931, -5.5665692131803945]
3, 209, [-6.286262192828325, 3.6634145404642577]
3, 210, [0.8962805692963265, -1.5626408494288704]
3, 211, [2.184520804547404, 4.953448394493742]
4, 212, [-5.4043037341468985, -1.893346028542787]
4, 213, [-6.491170871407535, -4.892195767707788]
4, 214, [-4.182791661687877, 6.478913537847273]
4, 215, [-8.088778289081976, 7.4021279904007]
4, 216, [-1.6563110046314673, -3.17696511433639]
4, 217, [-0.8680722985309526, 5.56204313456945]
4, 218, [3.2614098568386662, 6.002009952610646]
4, 219, [-1.6337090217224546, -4.154054416828118]
4, 220, [6.24392588178376, -3.367857903569451]
4, 221, [-1.0798819117068366, 0.3855537482702047]
4, 222, [2.6917622813457918, -6.033481569631139]
4, 223, [3.236603902193666, 1.1556894657931256]
4, 224, [-0.31535464746417396, 5.341591983595537]
4, 225, [1.3006356975984357, -2.300463521580417]
4, 226, [-2.77695080753349, -5.7054314625152625]
4, 227, [2.4145472322887045, 0.27903760396825916]
4, 228, [3.08548784540716, 0.6107014154331143]
4, 229, [5.585045259948227, 5.818665606055099]
4, 230, [4.613325703342429, -2.2208140564520464]
4, 231, [-1.0190266278503621, 3.687183524785757]
5, 232, [3.7546108512210417, 5.32390424196894]
5, 233, [-3.490931344046987, -0.8867872313529066]
5, 234, [3.4091572438970825, -3.7514926308667826]
5, 235, [2.4472407007767565, 5.769036503592449]
5, 236, [4.936398336849184, -8.81463493765266]
5, 237, [2.0928808620820423, 0.8111778568251875]
5, 238, [5.9574367101131, 1.6306687548129677]
5, 239, [1.5026408630766035, -0.7358863846923995]
5, 240, [5.8209938609924805, 1.6061747416173375]
5, 241, [4.628912530233848, 0.975463916976512]
5, 242, [2.5005892580191507, -1.7161406683959655]
5, 243, [5.624239356398441, -2.7305644609692]
5, 244, [1.4504458881999405, 1.497883651876851]
5, 245, [4.444992226035245, -5.16252636744944]
5, 246, [-6.447924234660427, 0.9645727812129046]
5, 247, [-0.759514614930783, -4.858944593588664]
5, 248, [-2.618121190746823, 5.609886099993817]
5, 249, [1.1404231100763411, -0.4468057457157908]
5, 250, [8.275759835633725, 1.2708473917111913]
5, 251, [2.5330606319761557, -1.5809178839790459]
5, 252, [-6.6262241925751475, -0.1260947137179098]
5, 253, [-5.230383205151776, 3.9601150320030865]
5, 254, [8.653357625602371, 1.6982509351943875]
5, 255, [-4.458901306766204, -2.9461403853459567]
5, 256, [-7.177908961891822, -1.3298400007215498]
5, 257, [2.833478167651357, 4.341738140309259]
5, 258, [7.438029472418233, -1.3593465006403136]
5, 259, [-7.247917598290126, -6.435494398790115]
5, 260, [1.3170942660653147, -7.201614218605927]
5, 261, [-2.23550658379171, -0.0405656007862234]
5, 262, [-6.342287841198297, 4.7499191838814205]
5, 263, [7.005290702885592, 3.5081572344473564]
5, 264, [-7.992766826378171, 0.3219628129940606]
5, 265, [0.08017100332561711, 4.731227648942674]
5, 266, [-4.795847273561802, 7.868807593614946]
5, 267, [-4.875953148611053, 3.8123202276694776]
5, 268, [-0.6542998420469015, 2.806293503703847]
5, 269, [2.1537014561765453, -1.1998801716126586]
5, 270, [-0.5158280640050172, 4.3187746418088615]
5, 271, [-4.0158977000094485, 2.5776219387012578]
5, 272, [5.306961612898727, -6.167169656743377]
6, 273, [-5.1629611039610666, 1.5254873364232857]
6, 274, [-0.8348243658892613, 2.9927454706775]
6, 275, [-0.4438199813159791, 2.094127221478164]
6, 276, [-1.1122192853159802, 2.1023416745703134]
6, 277, [-1.9182915198022226, -2.327364223692684]
6, 278, [2.013052312462964, -0.3610781290580096]
6, 279, [8.790810719257966, -4.862860210504943]
6, 280, [-0.41199562740987616, 1.5253031182477734]
6, 281, [3.751107534304122, -0.13817992243112265]
6, 282, [-5.745686324896521, 7.333346712256347]
6, 283, [1.9583735691059694, 1.7998585032829322]
6, 284, [3.9432869248224307, 3.0116119115033335]
6, 285, [-1.313909888132084, 2.71417313050331]
6, 286, [-0.4378161393394038, -1.2215911132403825]
6, 287, [4.177592210822851, 0.8791053659367183]
6, 288, [5.087357817167554, -4.501121583156498]
6, 289, [-0.5048777543970235, -1.7942151213224022]
6, 290, [5.0706115545369705, 3.957900790256952]
6, 291, [-5.536063851778627, 2.6560537568813025]
6, 292, [3.574871738757503, 3.014303035347085]
6, 293, [-3.771846051748561, -3.55657744162877]
6, 294, [1.0497321038733674, 0.5448582464071663]
6, 295, [-2.5457821230253996, -2.1298976590331753]
6, 296, [-5.228382629335573, -3.4620105228147215]
6, 297, [4.86581380195646, 7.576848384886649]
6, 298, [-1.0857122573162368, -2.0038166054570166]
6, 299, [2.2634042781822536, -0.9874324968457611]
6, 300, [-3.515965971571159, -3.9311891426389565]
6, 301, [2.6878948159669225, 6.4784364097946145]
6, 302, [1.9020920743791603, -0.7717473482739905]
6, 303, [-7.975497887331589, -3.1176781901392516]
6, 304, [-2.858044033521625, 3.76083316586492]
6, 305, [1.4662325990584648, 4.749895712754013]
6, 306, [-3.467785905475136, 3.634624435291709]
6, 307, [5.403803417446673, -8.020335680990193]
6, 308, [4.725186197862353, -1.5264022926908787]
6, 309, [-6.568932048325888, -3.8712481251590365]
6, 310, [-5.9879426168584455, -8.068139730219052]
6, 311, [-3.7111866040124886, -1.526816259867374]
6, 312, [7.419657178657619, -4.772029823956484]
6, 313, [-4.226242084305221, -3.303383644124512]
6, 314, [3.557931179702564, 7.843249946732204]
6, 315, [0.06639504173442212, -0.3045915821497367]
6, 316, [2.723509745561108, 3.3664636730295996]
6, 317, [-1.5969359835790886, 2.09572162733539]
6, 318, [-5.776456126171442, 3.666466193309862]
6, 319, [4.532697520820301, -0.09617930221005366]
6, 320, [-0.6275733070536553, 4.862467286469638]
6, 321, [-7.256895871502415, 0.28303843718345334]
6, 322, [-0.34905780048121926, -1.3944520703349212]
6, 323, [2.4054597401502633, -0.7218659184700851]
6, 324, [8.148721704069402, -4.0463207440236175]
6, 325, [1.6653648892009425, -3.5608997429883438]
6, 326, [6.950966814291114, 1.3090257544182933]
6, 327, [8.160404430861014, -6.139156705101332]
6, 328, [1.0559831175331436, 1.5977556302802025]
6, 329, [-6.295286448088088, -6.407432771827728]
6, 330, [8.544518768824698, -7.40329430161861]
6, 331, [6.129368080641623, -7.67242720483698]
6, 332, [-7.556751560017172, -2.282416420431165]
6, 333, [5.707531530360042, -0.5596738363892513]
6, 334, [2.3138300887164363, 5.156518832141186]
6, 335, [-1.439741426370217, -1.3333570865651883]
6, 336, [-4.440169456225811, 1.5706624817983688]
6, 337, [5.727606158938885, 0.3658004565641093]
6, 338, [1.2113010976556389, -5.032306944922784]
6, 339, [-1.5708007349798763, 6.187842130690196]
6, 340, [7.392871184518373, -1.8000798532922762]
6, 341, [8.347339156727365, -2.8103214104809373]
6, 342, [-3.886038360397336, -1.52958023232957]
6, 343, [-8.61724432567708, -2.1571340487108195]
6, 344, [0.7274524638935187, 2.4118098122071174]
6, 345, [-2.316824050074411, 1.12932429904453]
6, 346, [8.750200304027466, 2.6502724117135443]
6, 347, [3.5663155025495428, -0.8945199503840442]
6, 348, [-6.573354524857413, -5.199006635181541]
6, 349, [-2.3414088795444856, -6.4688613938767014]
6, 350, [-5.666402736099229, -0.28761824990785634]
6, 351, [5.715409124387342, -0.82150640209748]
6, 352, [3.207548419971097, 0.3117119796495498]
6, 353, [-2.5787523511804364, 2.4050683094751886]
6, 354, [-3.92543146765939, -0.5196156569991714]
6, 355, [-4.449963569987815, -2.4201841377465536]
6, 356, [-3.2459595760920976, -2.7917546427242694]
6, 357, [0.5392078009099759, -3.9817681877882816]
6, 358, [-0.12373941241060038, 3.671595171642778]
6, 359, [-1.442271865039384, 4.233804608308969]
6, 360, [-0.08525053650171088, 2.6397750184385806]
6, 361, [2.26023749162138, 6.1443676916240975]
6, 362, [-4.124265695713266, -0.966106362277813]
6, 363, [-2.934234623475497, 8.204161086447893]
6, 364, [-4.3826108750579, 2.3190435059240286]
7, 365, [-1.7131750697027446, 5.998369865336844]
7, 366, [-1.4377365990364837, 2.1527894097045923]
7, 367, [-3.789762662420875, -6.999271427618733]
7, 368, [0.2656384182572129, 4.461864893126041]
7, 369, [-0.25233662107255483, 5.542538248756998]
7, 370, [-3.1354794389700382, -0.3102364743326884]
7, 371, [-0.6860543236121401, -6.81514930793587]
7, 372, [-4.725390610126375, -1.4421766854942728]
7, 373, [1.2770923205654654, -4.331895005692896]
7, 374, [-2.981541976636519, -0.31453416146522883]
7, 375, [-1.3145630194900786, 5.150381448832162]
7, 376, [-3.442472568694802, 4.350835519062301]
7, 377, [-3.345341452213134, -2.0849498293059483]
7, 378, [-4.2005486138689605, -5.735673694792551]
7, 379, [1.6165731230233042, -4.3299360691039235]
7, 380, [-0.4592287980857641, -1.4840085361654172]
7, 381, [-3.6631199322272243, -8.471571333633827]
7, 382, [2.3928553753163797, -1.3682027369749825]
7, 383, [0.083014320772552, -0.4436845869957686]
7, 384, [-3.156531790860199, 4.755167905971799]
7, 385, [-3.59666602919713, -1.9894505296070282]
7, 386, [1.0345231313683723, 4.874251415575033]
7, 387, [-2.0182341931356476, -3.4753953805282034]
7, 388, [-3.464147904447197, -0.3358593912339298]
8, 389, [-6.173244202523527, 2.2945021646040846]
8, 390, [-6.598210277316685, -0.14301371935168739]
8, 391, [-4.0406333099479, 3.0086808512876413]
8, 392, [-4.464513284521799, -1.000715520035918]
8, 393, [-5.844446260097273, -5.545671715047071]
8, 394, [3.1062691452822104, 1.0946294019929965]
8, 395, [-6.121680809112999, -2.0128215386025534]
8, 396, [-3.8554238643085013, 6.64119473444428]
8, 397, [3.2403904296686434, -4.778355288224222]
8, 398, [1.997585228939048, -1.3283984798098594]
8, 399, [0.49513786799185766, 5.8174550829335026]
8, 400, [5.12357622455176, 2.796121418139389]
8, 401, [2.7915555035347523, 1.86735255316065]
8, 402, [1.3225033136050612, 3.6185821778760427]
8, 403, [-5.905297218583307, -0.6942472562553252]
8, 404, [-4.443485383605097, 0.10609597688755024]
8, 405, [6.671653938272506, 2.1078805052013987]
8, 406, [5.479703441022574, -1.4725725518649835]
8, 407, [-3.2375742851576454, 5.050013547910183]
8, 408, [-2.8545073673155166, 3.7676991916848657]
8, 409, [-3.330831876898693, -6.162740421915471]
8, 410, [-3.627765208448727, -4.414185499959037]
8, 411, [3.875680180790077, 0.5958959950077851]
8, 412, [0.6846617841406939, -0.4948880688704005]
8, 413, [1.2376723514998886, 0.8763147789154893]
8, 414, [6.24559975066202, -1.6963167543221598]
8, 415, [3.7054054631683453, 2.376828310600544]
8, 416, [-1.6128116506410546, -1.054078608042504]
8, 417, [3.596817149717504, 5.498085888595238]
8, 418, [-3.8576195533124036, -0.8581468104448824]
8, 419, [4.271745241991944, -8.035205447363937]
8, 420, [-5.691584753352329, -1.5627820753118407]
8, 421, [-7.712994551625823, 2.2185726846241423]
8, 422, [1.2984481220778683, 5.2861219197754785]
8, 423, [3.459902314474901, 0.9678766816469633]
8, 424, [2.6018030188124808, -6.348720794315222]
8, 425, [-4.981429777898483, -2.546106612786769]
8, 426, [-5.763258726281023, -7.2613149288757475]
8, 427, [5.746558547399093, 1.2040554472824105]
8, 428, [1.6007821068670136, 6.145551405350673]
8, 429, [-3.049286043421371, 1.0252966965634958]
8, 430, [-4.508402903175157, 0.8474526879395476]
8, 431, [6.0528015857764075, 5.501036211984868]
8, 432, [7.59872432154733, 7.3354257424946105]
8, 433, [-0.43855384483529924, 0.8766842125130161]
8, 434, [4.316492727788335, 7.021769702480714]
8, 435, [7.4513327478589275, -2.697979801044843]
8, 436, [5.39638639214445, -2.6416668880618657]
8, 437, [3.790828614238091, -3.3909985264188114]
8, 438, [-2.9998423185037186, 2.3953373536358136]
8, 439, [3.971892602352831, -1.5571353804995347]
8, 440, [0.7840292404087457, -1.7380829396199768]
8, 441, [-1.6783499218111793, -3.6287303916924625]
8, 442, [-1.854645803512744, -2.1999697367996296]
8, 443, [-3.946265248639583, -6.143414657941558]
8, 444, [-5.296108617816598, 5.875773599907902]
8, 445, [2.7427049431091977, 4.038384154596802]
8, 446, [-2.961487585199359, -3.51780221991456]
8, 447, [-1.1855258409352185, 5.795757910009485]
8, 448, [-2.040205824283838, -0.28578348404174925]
8, 449, [6.853253105806765, -3.303733863863709]
8, 450, [5.317700434222154, 0.874387847826144]
9, 451, [-0.3415858765983373, 1.6922059011445008]
9, 452, [-4.04783118545113, 3.394307561018371]
9, 453, [-7.70224002052021, -2.5412645370327533]
9, 454, [-2.3543112438493443, -4.078870932544901]
9, 455, [-0.32605517217302804, 5.441966970146254]
9, 456, [3.5640488087206457, 6.159361326020154]
9, 457, [-3.945272189166805, -3.0239760706261976]
9, 458, [0.7605697633227706, 0.3436907451441673]
9, 459, [2.831052297462479, 7.1869941549650775]
9, 460, [-3.5855979147914505, 1.9054422916266915]
9, 461, [-4.0289844921576226, 0.4410843622355536]
9, 462, [-6.308260394622998, 8.651298636752632]
9, 463, [8.617137692568129, 0.48498173229588915]
9, 464, [-1.13108771304206, 0.30740901888605343]
9, 465, [6.853162863014681, -4.550035457937689]
9, 466, [-2.4522605048874846, 4.760237334144737]
9, 467, [4.806846554395843, 1.7220756262497048]
9, 468, [-3.9615548216417062, 0.6269291471117384]
9, 469, [-3.464652379459496, -1.1892125791413672]
9, 470, [7.842144557391517, -3.883545142551762]
9, 471, [2.1682157197004948, -6.5012208715194415]
9, 472, [-3.455605785358018, -0.9111499214743919]
9, 473, [2.91005190864772, 1.7219901290728679]
9, 474, [1.0808388450321456, 4.263709767253886]
9, 475, [-2.597942898868533, 5.478866445432374]
9, 476, [6.825119249432536, 3.7788468358009357]
9, 477, [-2.779456344987567, 2.378607054926846]
9, 478, [-0.02047437519258466, 5.164773977481417]
9, 479, [1.4176121986902643, 7.786127228241817]
9, 480, [-2.4668395803711993, 2.087618262614656]
9, 481, [1.8372906055363067, -5.55955810690946]
9, 482, [3.5029252487584195, -2.3425811870811106]
9, 483, [-1.6133019769879802, 6.4013704484265475]
9, 484, [-1.2110260305029996, 5.908815108808035]
9, 485, [3.6995005449615093, -5.440632835317145]
9, 486, [8.29239227641198, -4.17006255489889]
9, 487, [-3.5996548651652276, 3.148540903530879]
9, 488, [-2.083201059003043, -0.20114135710200642]
9, 489, [5.564267571345372, -7.012851241536104]
9, 490, [-2.6193558184927133, -3.481305487996429]
9, 491, [-3.574906156735725, 1.7917561132108677]
9, 492, [-4.935210387585268, -2.2277359312537737]
9, 493, [5.327578208332735, -3.431326204695944]
9, 494, [-0.34487186565156414, 4.856541400451011]
9, 495, [-4.845194370720723, -1.2843431870959048]
9, 496, [-4.544779411086347, 6.017245898530348]
9, 497, [0.5939487535417136, 0.23238846272013092]
9, 498, [-0.18076990027585005, -5.820865799148034]
9, 499, [3.473967058080479, -2.884802795595931]
9, 500, [6.516794257151297, 0.24330471641905405]
9, 501, [-7.834307598854995, -7.798030549170494]
9, 502, [-4.474901213269069, -2.963643517179565]
9, 503, [-1.9097208773421084, -0.6164378226039684]
9, 504, [1.1735460691587036, -6.585990984124878]
9, 505, [-6.991557739447851, 3.9946687850242952]
10, 506, [-4.031341088164679, 6.317799525139101]
10, 507, [-3.247813289212792, -1.6451627094191341]
10, 508, [2.4152713121309226, 1.34400620019367]
10, 509, [0.9818517138916363, -3.4801068395119517]
10, 510, [-0.36275096646989624, -3.2103574988189205]
10, 511, [6.955397608968717, 1.7395009959881875]
10, 512, [6.941265452130768, 2.1052173909760175]
10, 513, [8.679876759172423, 2.1589508562247435]
10, 514, [0.7614600322034235, 2.684860115965229]
10, 515, [4.889816521079695, 2.22293559206439]
10, 516, [7.327513224240576, 3.4784724183938422]
10, 517, [-0.5290136421083975, -2.4575079586321014]
10, 518, [-1.5828562412188703, -6.987727052261727]
10, 519, [-5.307492225827891, 2.3942402170057786]
10, 520, [3.0623813305871153, 5.616966587709015]
10, 521, [4.568019166819305, -5.57796253960457]
10, 522, [2.5868968505734493, 4.0672496820753885]
10, 523, [2.8555111427818236, -3.4514999373033017]
10, 524, [-5.409225703300607, -3.6714930844780884]
10, 525, [0.7503694012651945, 5.510130300407166]
10, 526, [-1.8422068250428332, 0.8378011695379328]
10, 527, [6.757238330421892, -7.014611692278039]
10, 528, [-5.12754331191374, 3.015831886582463]
10, 529, [-0.8931610982671838, -3.203382580660606]
10, 530, [-0.11297759310033939, -3.8385690262761223]
10, 531, [-4.0073830069194365, 5.678030062189773]
10, 532, [-3.938884093764128, 4.736773588412211]
10, 533, [-5.248484922045355, -1.8377732020481066]
11, 534, [-6.107086147401296, 6.8382792042549525]
11, 535, [4.8530696928884325, -2.9247995674129266]
11, 536, [1.3075957124602944, 5.105010361358255]
11, 537, [-2.2220703647802047, 2.446961947771129]
11, 538, [-3.3780841731486086, 5.496023765541233]
11, 539, [9.251558380158535, -4.9069210377424]
11, 540, [-6.272651406324483, 0.4795728666996446]
11, 541, [6.715963500789616, 1.2966869798686744]
11, 542, [4.404190783605287, 5.824287178878214]
11, 543, [6.2952391892293775, 1.6535230342130713]
11, 544, [-6.100675594033655, -5.885805706983415]
11, 545, [4.579085226710429, -5.877385898806828]
11, 546, [3.067891865329301, -3.0938316543015194]
11, 547, [1.0469987895552908, -1.42973901220169]
11, 548, [-0.7317102204363941, 5.344866663798074]
11, 549, [4.937288645000333, 2.9220165906224587]
11, 550, [3.762544422957639, -5.200256909148845]
11, 551, [-5.894074341635788, -4.847291601640581]
11, 552, [3.8487140265605024, -5.8211093325366505]
11, 553, [-0.09672284506867612, 6.517986655952232]
11, 554, [3.9280358602498495, -4.310256695504737]
11, 555, [5.701196547722564, 5.229934333765547]
11, 556, [2.014857721690227, 5.560041158675846]
11, 557, [-2.0968363514548995, -0.3162808199023708]
11, 558, [-3.5633635729544153, -4.532805643087336]
11, 559, [5.321957835016063, 3.5929587449524387]
11, 560, [4.255119519122259, 6.443446245276682]
11, 561, [-0.4772089960043253, 8.197556218126454]
11, 562, [-7.542846126824969, -5.215262233483693]
11, 563, [-4.256685645434505, -4.52210269884347]
11, 564, [1.1905508908863496, -3.333824931076843]
11, 565, [2.8988972532461865, -3.388726120759646]
11, 566, [5.184881909529304, 0.7481861402789853]
11, 567, [6.07371875502616, 1.335706489925082]
11, 568, [-4.182065076371391, -1.8199712060086508]
11, 569, [5.493827879659602, 5.197628916235155]
11, 570, [7.921181273276247, -1.0024765227894932]
11, 571, [-5.053080895257317, 6.273777035551156]
11, 572, [-1.5384805696222372, 3.7793386057302047]
11, 573, [-2.0140115478413234, -3.8242232369444196]
11, 574, [-0.5512218482153877, -2.2789543546346263]
11, 575, [5.683714190317229, -2.2443687557167546]
11, 576, [0.32617838460165594, 1.1318634435387391]
11, 577, [2.557499772266345, -2.628061404990439]
11, 578, [2.8284045097274717, 0.6979633983663582]
11, 579, [-8.25504632715099, -1.2498051604663338]
11, 580, [-0.7449587587705047, -0.6437714136367418]
11, 581, [0.8573831911906442, -1.2774187476628729]
11, 582, [0.29959737130507946, -4.082498149187837]
11, 583, [-6.74335513389861, 6.554041966170153]
11, 584, [1.76714343227248, -2.2328732560526454]
11, 585, [-2.480748852844532, 4.1334725415522655]
11, 586, [-4.021438525761702, -2.7575434051990406]
11, 587, [2.005107260703692, -5.503527424631866]
11, 588, [4.445947021585198, 3.1646642788614283]
11, 589, [5.093279915002695, -5.338344142941983]
11, 590, [-7.1484581885595695, 3.4403161623402703]
11, 591, [-0.9683694068405657, -2.7037261870453078]
11, 592, [2.0747907343350764, -0.12706112201055753]
11, 593, [-6.756702640444234, -2.2837773535311996]
11, 594, [-5.0365237813531145, -2.663966017519691]
11, 595, [-5.733428309106257, -3.3788824490031475]
11, 596, [5.066596995960639, 7.0252670129969275]
11, 597, [1.4933943387386694, -0.44379640777253115]
11, 598, [-6.1063563655293756, 5.867079447313493]
11, 599, [6.854140939583928, -4.169073149934029]
11, 600, [2.5640657805566676, -3.766420918596256]
11, 601, [-0.5341331596507963, -4.149567007048166]
11, 602, [-5.7502347168136, -3.3853318086053408]
11, 603, [2.8549079497412695, -3.2379607583920658]
11, 604, [3.7603765494432544, -6.073158301440101]
11, 605, [-5.54678257932427, 7.707001514976344]
11, 606, [1.0649786616480839, -6.619903549845889]
11, 607, [-0.9630874966934648, 5.211091017667883]
11, 608, [-7.8927011187728375, -2.873993734316139]
11, 609, [2.786000147626922, -1.4821702228613063]
11, 610, [5.174567915440363, 8.028049024297307]
11, 611, [3.0332208618504595, 2.0262827979183164]
11, 612, [-4.997288336126803, -8.623656490423295]
11, 613, [-3.388718940970774, 6.272985889048979]
11, 614, [-5.31839451949483, 8.390994676322382]
11, 615, [-7.4656214095719236, -2.524836666056456]
11, 616, [0.28491771705683, 3.0972204823331513]
11, 617, [-3.4489019253886877, 2.8450523665850103]
11, 618, [-2.498322523879243, -5.653247431133881]
11, 619, [4.330134411206227, -7.318191931532507]
11, 620, [1.7695538189029847, -3.4090247265519675]
11, 621, [3.216736695905203, 2.7858955799280576]
11, 622, [-4.998349332915982, 7.136482127908312]
11, 623, [-0.8695010731178225, 3.3791233422639326]
11, 624, [-0.5605438894361292, 4.55197044483185]
11, 625, [-0.882157751966087, 7.520418178957769]
11, 626, [-5.483504756344643, -0.7400367253418292]
12, 627, [-7.134002039644686, -1.3056858763993073]
12, 628, [1.6955014891222788, 5.636089378684929]
12, 629, [5.752807638809482, 5.242385183331702]
12, 630, [-6.330325814121021, 6.3075330264616625]
12, 631, [-5.010149063097793, 3.5833549893590178]
12, 632, [-2.117978527505225, -0.07825840866163247]
12, 633, [-1.6357736320395837, 7.774561280696304]
12, 634, [-3.8751598899426547, -1.5157169899850516]
12, 635, [-6.971356170976328, -1.775822638601296]
12, 636, [-4.805591155493783, -4.953294451780272]
12, 637, [5.610024953073594, 0.8703801132084088]
12, 638, [2.4970886287809524, -1.4283188785498098]
12, 639, [2.5926903312524026, -5.013380033424728]
12, 640, [1.9983632900966608, 1.7051518396027738]
12, 641, [-1.913403403767635, 3.277898339795337]
12, 642, [-1.5381748834382254, 2.654921735178215]
12, 643, [-0.4738105426373913, 3.0695825788512074]
12, 644, [3.1190983483948145, -3.375420495940686]
12, 645, [-1.0274350857538277, -5.40259902790204]
12, 646, [-5.863825741338735, 7.969346160625754]
12, 647, [-3.9682521704774523, -6.031773004801329]
12, 648, [6.900660010549032, -1.0671436593649233]
12, 649, [-2.142344303542698, -4.1818600792367855]
12, 650, [-0.9017321130666662, -4.10074372375473]
12, 651, [6.97825300182096, 1.1781519934168312]
12, 652, [-0.8274383658533946, 0.8447865206965943]
12, 653, [4.897560714462992, 4.024718553212361]
12, 654, [-1.7190229859683335, 2.913345362383348]
12, 655, [-5.4315643387418335, -1.7869212259875216]
12, 656, [0.6988913990369667, 0.9830625252677372]
12, 657, [-2.062154189631685, 4.564057355942959]
12, 658, [2.792953590508416, 3.5353588604358173]
12, 659, [-1.7162974489968637, -5.644530640207157]
12, 660, [2.9768164134348254, 5.8282683446996195]
12, 661, [-0.1540329956850499, 0.3821910088924554]
12, 662, [-4.110174434779845, -4.204625096410842]
12, 663, [4.161988084506527, -6.553060071284895]
12, 664, [1.0986209422582522, 5.815025473887065]
12, 665, [-0.018620508038679873, -1.5672018280174775]
12, 666, [4.688257645331467, 2.4216876028559433]
12, 667, [-5.313888636779853, -0.9396353524160759]
12, 668, [5.612500227112918, 0.2963587544451549]
12, 669, [0.5133249364511965, -4.576632775756789]
12, 670, [-5.644689649655236, 3.6495050399081226]
12, 671, [-1.0555849795405496, 3.374442181947181]
12, 672, [5.795609989977725, 6.0673672898765005]
12, 673, [1.7679592537530269, 0.8841919173287671]
12, 674, [4.442438738500327, -1.8373062445790573]
12, 675, [-3.335903564281903, 4.140449175974119]
12, 676, [-5.8688523511639135, -6.846945795093412]
12, 677, [-5.805552098760595, 4.931052574432966]
12, 678, [1.3150943849994974, -0.6617428418095219]
12, 679, [-1.475729749598928, 7.067193191338362]
12, 680, [0.1413812718841534, 2.3243862344025334]
12, 681, [-3.8270121641960175, -1.377422862935724]
12, 682, [2.226024878090243, 8.576219724384533]
12, 683, [8.81401431073239, 1.6083621362100615]
12, 684, [-4.061535498010156, -0.5820870578186046]
12, 685, [5.413801169301797, -2.5217272455048327]
12, 686, [-3.113468618876051, 0.02156239361601031]
12, 687, [2.1777694646002708, -1.9733088109132506]
12, 688, [-0.4730031319359167, 2.4712509203823902]
12, 689, [-1.7412267107646642, 2.05525096746225]
12, 690, [4.825691659076723, -1.4691153215456527]
12, 691, [1.6046029732099587, -0.4770264864561131]
12, 692, [3.1011020835531493, 1.1238558675353882]
12, 693, [5.138274983651986, 1.0391254394298048]
12, 694, [-0.4840027971667613, 4.566608570813544]
12, 695, [-4.348929828897767, 2.7152547765967903]
12, 696, [4.91083387445398, -7.781367599479712]
12, 697, [-4.41572429987176, 6.1068982962688665]
12, 698, [-5.8567779955900745, -4.324330364212311]
12, 699, [-0.32596482548659367, 0.38430514098729773]
12, 700, [-6.630795263627604, -6.371733208087593]
12, 701, [-1.0880962651010968, -1.1653284747639248]
12, 702, [0.263271549070069, 3.584307914487974]
12, 703, [-7.353917294229468, -7.3691955683808965]
12, 704, [-7.367518549964693, -5.598710213580689]
12, 705, [-3.2233870093473582, 1.0048061154438397]
12, 706, [-2.7719420294652277, 2.9106736497036607]
12, 707, [2.7798686927562155, 6.915159490956803]
12, 708, [1.5313735635438892, 3.00429646577812]
12, 709, [-3.1674409345275736, -3.785592978180878]
13, 710, [1.6374727344522544, -1.6352779945072982]
13, 711, [1.8818450740027473, 2.7853963983848224]
13, 712, [4.475376131084598, 0.11873343403416392]
13, 713, [4.9579463582816246, -2.5263711131452125]
13, 714, [-2.7773825635607015, 0.8163231389997989]
13, 715, [-3.589483317728737, 5.684259500772077]
13, 716, [1.9758662642001248, -1.1288617387161697]
13, 717, [-1.6693144753431692, -1.5483968188516553]
13, 718, [1.0313319698689671, 3.008642764405751]
13, 719, [-4.317176613553455, 6.056626568414934]
13, 720, [0.25222998358254145, -8.035333258436463]
13, 721, [-2.2611968405565843, -2.1792284389893517]
13, 722, [1.6371758339048839, -1.5863991896967011]
13, 723, [-3.6769612930059514, -3.4770749188159824]
13, 724, [1.3354122501491172, 8.364380329335766]
13, 725, [0.35401862036350096, 4.303047885416806]
13, 726, [7.640408380052527, -8.138380038015523]
13, 727, [-1.4780419986909727, -5.212032713915253]
13, 728, [-0.13487251771640985, 5.123961029803784]
13, 729, [-2.813120526476025, -6.274383505766603]
13, 730, [0.8517482747049527, -3.621539815039493]
13, 731, [-5.579750539925712, -7.071311242144182]
13, 732, [3.0106290557017132, -5.397373782149756]
13, 733, [-1.9676645149010152, -3.5034435625293643]
13, 734, [6.429556956274865, -7.193443211656961]
13, 735, [7.987408672585225, -3.197796203631728]
13, 736, [6.186800658976068, 2.1991680380363565]
13, 737, [2.266610156604269, -7.996465630425749]
13, 738, [-6.172438961149673, -1.6811274260731572]
13, 739, [2.489551199593995, -7.179307955137726]
13, 740, [1.1753290528624571, -2.2910609094214713]
13, 741, [-6.0688112477158915, 3.4126157296613364]
13, 742, [5.242975804349989, -1.0779951107011865]
13, 743, [0.4064369888393742, 2.3725667993721284]
13, 744, [4.594133210703566, -4.739698621024888]
13, 745, [-7.023926371947546, 0.9752041708033428]
13, 746, [-0.3898671496653634, 2.268355136608669]
13, 747, [-1.6648961808877747, 5.979022354692908]
13, 748, [-5.767336483522387, 6.151764962531509]
13, 749, [5.588862828103148, 4.081050424500605]
13, 750, [0.8620337144948582, -1.5081997679021502]
13, 751, [0.7244359851176103, -4.839570197322319]
13, 752, [2.806830751222993, 3.3709565648089335]
13, 753, [-1.0651838736674328, 5.350498963760195]
13, 754, [1.409361844163083, -5.531869568586732]
13, 755, [-6.786356304844025, 1.5184298818023478]
13, 756, [-3.5909893823375185, 2.90043272740059]
13, 757, [-5.537773896754188, -5.653583068227869]
13, 758, [-1.8025333688101757, -6.308207463395679]
13, 759, [-1.4578547674365012, 1.6754451978480773]
13, 760, [-0.0946471278682477, -4.481954890786913]
13, 761, [-1.0375277472590998, 5.263808876523758]
13, 762, [6.3347189280689555, 3.810885343510815]
13, 763, [-5.793584760309505, 0.32644595907393814]
13, 764, [-6.953028659409376, 6.7366400019639485]
13, 765, [0.8674714153448289, -5.216017585898336]
13, 766, [-6.823072661097028, 3.071957989221911]
13, 767, [-5.6575688746214015, -0.9480637762574489]
13, 768, [-4.611216337128642, -0.10546966221682297]
13, 769, [-5.788902340604652, -0.8721958836786481]
13, 770, [4.735144581532262, -0.45836245793622865]
13, 771, [-2.1917948550514605, -2.467254110309808]
13, 772, [0.4618140942022393, 5.934441478987708]
13, 773, [-0.8184636200900357, -0.6979549315575575]
13, 774, [1.1222889851993951, 3.52353147115638]
13, 775, [-5.438874047133021, 2.2693539084037813]
13, 776, [4.368263041143592, 8.556369791491477]
13, 777, [1.5973814804190756, -7.765598964270579]
13, 778, [5.619084480815049, -0.21494234044083704]
13, 779, [-1.5600371450340251, -4.122657272047357]
13, 780, [2.9385230888271767, 4.886269740884888]
13, 781, [4.639626093911781, 0.2567080139304512]
13, 782, [-5.8611654012432215, 1.866060890320158]
14, 783, [-1.644714456501946, 8.729293151494957]
14, 784, [-4.054472994838774, 0.12933814274577848]
14, 785, [-1.403337891457955, -5.476606093530414]
14, 786, [-3.802669536714295, 0.07228133848477114]
14, 787, [-1.9500382191052683, 2.493925806058675]
14, 788, [-3.3804778743023416, 5.518652477491635]
14, 789, [1.437595499829067, 1.6343257574714816]
14, 790, [3.9879701647216983, 2.35606289051802]
14, 791, [4.145610476124347, -4.830588356620503]
14, 792, [0.7858397064218785, -3.360949550406862]
14, 793, [0.7350937402377085, 6.495912035880213]
14, 794, [-0.18049032172937096, -1.9781193245071549]
14, 795, [-5.896812757115761, 0.38366852464852386]
14, 796, [6.79838354446958, 3.2897337328976093]
14, 797, [-1.0615245315461337, -2.174682016594197]
14, 798, [-3.4598037271393594, -4.239555533273266]
14, 799, [6.365866600507761, -2.5990405254689595]
14, 800, [7.25035738196193, -1.6042836915214203]
14, 801, [2.7150757847697005, 3.901619345401649]
14, 802, [-0.3116174811966044, 3.21918952249111]
14, 803, [-5.509585205541255, 5.9654952452359495]
14, 804, [-1.2582868238156948, 0.29713075460060523]
14, 805, [5.192870907148663, -2.4280285212839257]
14, 806, [-5.479266240575454, -2.3159495216306283]
14, 807, [0.16472102479855266, 6.106059731237011]
14, 808, [0.9787004144345204, -6.865288624749654]
14, 809, [5.528386509596748, -0.06063951485032959]
14, 810, [-4.923419031232207, -2.512868867907235]
14, 811, [-3.677628447037943, 3.8887345209302104]
14, 812, [6.603021281218496, -0.7662631065687577]
14, 813, [-5.386359046658507, 5.1144351404216195]
14, 814, [-5.372450508703501, -3.447850171824678]
14, 815, [4.484185645175479, 1.2794134302192717]
14, 816, [-3.4431932510750576, 2.366062811742168]
14, 817, [2.554296261379088, -3.775786518879274]
14, 818, [-2.195053721085724, -5.741980973152414]
14, 819, [-1.005361197416887, 5.882275495484656]
14, 820, [6.124672560900674, 3.0840806104191536]
14, 821, [-1.5023279469883306, -2.816029143942263]
14, 822, [-3.741911307556517, -2.0774345652104342]
14, 823, [5.758386671187701, -1.8266130374368856]
14, 824, [2.6041324019006176, 2.6199075806553136]
14, 825, [3.7751558423317437, -1.0035450189716641]
14, 826, [8.127445993468712, -3.9900608474157684]
14, 827, [6.433780855078965, 3.287208794434047]
14, 828, [2.700775842852865, 2.5180216239952706]
14, 829, [5.454599099150187, 5.27975115987525]
14, 830, [1.1686641605910992, -5.50573887358452]
14, 831, [0.9076023294590989, 5.030595320233488]
14, 832, [-3.1795151783812594, 1.734053552716679]
14, 833, [5.046880202562887, -5.754184930595194]
14, 834, [-4.1257872103217235, 4.349187379643858]
14, 835, [-3.5608431715248354, 7.496881663860506]
14, 836, [1.9624953528093414, -2.8405008212641434]
14, 837, [-8.538919583751081, -0.6260343509316062]
14, 838, [1.9954072446874367, 3.6630167777209337]
14, 839, [0.0035286372185048265, -1.6450205554356625]
14, 840, [2.993159206295555, -4.717061486284186]
14, 841, [-2.2000459373095147, -2.656832943177009]
14, 842, [-4.998396035376494, 7.0030745460909465]
14, 843, [4.224500609290878, 7.899882434088084]
14, 844, [-0.6188415207894113, 0.36149638206081036]
14, 845, [-3.2425079631158127, 3.701836188100973]
14, 846, [-4.903819183485247, -1.9537629297185823]
14, 847, [1.8374290008976182, -2.0462653253208973]
14, 848, [5.657337826759539, -3.1829524761739094]
14, 849, [-0.9688874053696459, 3.7003934251088406]
14, 850, [4.154920564231663, -8.94795122799797]
14, 851, [-7.665846978436168, -6.586118552861292]
14, 852, [6.596862112693891, -1.828199165744559]
15, 853, [1.0612814163532178, 3.4855603441557275]
15, 854, [-4.944979732037104, -2.422290874105512]
15, 855, [1.3129592255760265, 5.511487610326032]
15, 856, [-5.142733789063863, -2.2393887393680556]
15, 857, [4.908966911569824, 4.435281110765301]
15, 858, [-2.7144443796916278, -0.06672295116029936]
15, 859, [0.2167060195780799, 0.38617839246271224]
15, 860, [4.0258178088198004, -1.8767001032385462]
15, 861, [0.12128509938923315, -1.4891558028308705]
15, 862, [7.666093465901234, 2.339938319305489]
15, 863, [-1.0680321823875438, -7.064658112843901]
15, 864, [-6.56538007383582, -7.511857448266688]
15, 865, [6.392709025604486, -5.792996557459405]
15, 866, [1.7803248452205302, -2.9708591592386338]
15, 867, [7.301601344667951, 3.638922698293502]
15, 868, [1.5157476305922213, 4.775113778509981]
15, 869, [-0.7806068182221129, -0.743389574493948]
15, 870, [-4.684805110137997, 8.210531743667353]
15, 871, [-1.8224146422064642, 6.244464443336135]
15, 872, [-0.6006229957633522, -6.023989349845921]
15, 873, [-4.9512818196743655, 7.320988167178683]
15, 874, [-7.312135672220716, 1.5387412016980324]
15, 875, [0.07220794655359519, -2.4770800521774294]
15, 876, [0.6526752410993701, 2.2897405338095496]
15, 877, [-0.5197910645945232, 0.33875834610351063]
15, 878, [-1.7610330555883031, 0.8999301212938704]
15, 879, [6.3710349951846865, 2.879471582481095]
15, 880, [-0.9162626475672475, -3.900095884229982]
15, 881, [-3.218684235883006, -1.5949377790708894]
15, 882, [5.225983358149815, -3.7482576946785358]
15, 883, [-1.5506500863695223, -0.2569853214397657]
15, 884, [-3.614478320703359, -2.9650563259163967]
15, 885, [-0.7235836516957601, 4.496092053049733]
15, 886, [-1.1683941988406996, 1.29032669685966]
15, 887, [-0.6442775630965727, -6.590929067757569]
15, 888, [-1.5758238732596919, -8.939761293852126]
15, 889, [2.224268321455792, -5.368807372350406]
15, 890, [-0.8340630672204057, 4.1390434863212455]
15, 891, [1.4599497722111625, -4.400291467660314]
15, 892, [-3.82693045524303, -0.39098456505981183]
15, 893, [-5.245585258788482, -1.0803321064128255]
15, 894, [-1.170553449660467, 0.8565811898309033]
15, 895, [5.841509978384444, 0.8544795161091034]
15, 896, [7.576421885940455, -3.8760838040756616]
15, 897, [8.295815494667842, 7.915521448929297]
15, 898, [-3.4590443622401974, -6.12802919870275]
15, 899, [7.068519538610673, 6.911483841307884]
15, 900, [-5.3572994531035345, -0.9117317353312817]
15, 901, [4.371821388713492, 3.412619377422745]
15, 902, [2.478185269559985, 2.37384509342386]
15, 903, [3.418303462962326, -1.42848411452945]
15, 904, [0.2621230819331277, 3.529990002751102]
15, 905, [0.15173084987573127, -0.20151440488283434]
15, 906, [4.158639364725367, -1.588474462699848]
15, 907, [-2.121366554992047, -2.555928722963687]
15, 908, [-3.875221815928902, 1.5089505521678852]
15, 909, [-5.5252803633518255, -7.255383287036015]
15, 910, [4.920873812445299, -2.108388087876496]
15, 911, [3.481862268086065, 2.1314423263426967]
15, 912, [-1.1714698726141322, 1.1909682500203864]
15, 913, [-5.26251428806785, -3.578440289339979]
15, 914, [-1.7689771715150702, -2.5851126599767538]
16, 915, [5.5030705474861925, -4.099447921799055]
16, 916, [-5.2694717113218745, -6.913253400695993]
16, 917, [-4.553489638565502, 1.4923439250250947]
16, 918, [5.4792611543893095, 4.927798638559128]
16, 919, [-0.6890342748650156, 3.6114050743790944]
16, 920, [-1.5741676624484011, 3.570636916427075]
16, 921, [-5.954513186497772, 3.743608128400746]
16, 922, [0.6429899501058163, -7.623620064320082]
16, 923, [-1.377110759235551, 4.728000706360305]
16, 924, [-1.8188258388575953, 3.0545553723839483]
16, 925, [5.706621676039628, 3.860957489876906]
16, 926, [4.688001976447136, 5.456200673193528]
16, 927, [1.9877166023446708, 4.409642495285116]
16, 928, [-1.3110653359865196, 1.1277746943029001]
16, 929, [1.797214612240838, 2.958351575514497]
16, 930, [2.164612493808793, -4.699414293004665]
16, 931, [-3.1009027894347856, 6.823339036072326]
16, 932, [-4.730548839774988, 0.7181532893125819]
16, 933, [0.266148886638625, 5.033962036429374]
16, 934, [-3.457236676399832, -0.6165951034127399]
16, 935, [1.348882771145547, 1.4623624875070789]
16, 936, [-4.883104540586487, -2.6015300575749265]
16, 937, [4.244938128606293, 2.8426735763501743]
16, 938, [-4.6810767164267695, -3.693706756617983]
16, 939, [-4.566288076712608, 6.181965751538456]
16, 940, [2.8250835598953987, 2.575258175261583]
16, 941, [-1.0319487802578582, -1.2824755753026924]
16, 942, [3.252115792173992, -2.6273379316410237]
16, 943, [-0.725676368092433, 3.1797473542485832]
16, 944, [2.634025695733353, -6.935555936896608]
16, 945, [-1.2399182572161873, -2.7989111590259483]
16, 946, [-5.150225153294079, -5.267937957008398]
16, 947, [-2.1119083334664213, -7.307880525956482]
16, 948, [3.7027882336146316, 6.635334349466945]
16, 949, [4.546970101098381, -3.2962885025350444]
16, 950, [6.408601694482222, -5.7368318088196]
16, 951, [5.31323493069152, -3.7636597536822824]
16, 952, [1.0380221332373587, 3.8895425832834327]
16, 953, [-1.1334402993927881, 4.2238171992679785]
16, 954, [1.6591068204622026, 0.4324729958329989]
16, 955, [0.35211031482962163, 1.823075217054079]
16, 956, [-4.8828917445496725, -2.0111314919343295]
16, 957, [6.894794162698968, -1.2352203624560687]
16, 958, [-8.121438657725374, -0.22819849629240174]
16, 959, [-0.2669081410530598, 7.177358488871327]
16, 960, [5.682028521787071, -0.3573554686480822]
16, 961, [4.685518105121094, -3.598198419967673]
16, 962, [-5.813124687501192, 8.439281288238032]
16, 963, [1.4900078660221325, -1.560417946523426]
16, 964, [0.15775795075229304, 3.8684813366059174]
16, 965, [0.6456904717509193, 0.5570268761158381]
16, 966, [-2.2452371676404868, 3.7485104793744295]
16, 967, [-5.317901606956528, 6.532416217386906]
16, 968, [-5.677532086668242, 1.9930322169142922]
16, 969, [2.981988084297125, -3.80481880877063]
16, 970, [-7.6948065526488225, -1.1341055198703955]
16, 971, [4.867460687662257, -3.1017000288045935]
16, 972, [-0.7902936986041809, 5.169288913734327]
16, 973, [5.610296834226869, 1.7102538091768515]
16, 974, [-4.66623246873115, 3.4955460016207134]
16, 975, [0.8355412768072341, -0.9768349546883783]
16, 976, [1.986139000677099, 3.800709400215517]
16, 977, [-5.321772900672678, -1.7317766697159414]
16, 978, [3.327493869270077, -0.4922173385427122]
16, 979, [2.4380456648276265, 1.2677577600381884]
16, 980, [3.3791255326756637, -1.5600044215402562]
16, 981, [0.3616751884977649, -5.263214801204294]
17, 982, [-4.0073689481310515, 2.509608171807143]
17, 983, [8.41903035055843, -5.562116648405962]
17, 984, [5.813604309352005, 4.632943528952254]
17, 985, [-4.758315233148828, -3.56772032734436]
17, 986, [-4.259416623495631, -0.5215889826569065]
17, 987, [-1.8326336505010943, 5.487188364218131]
17, 988, [1.613892817465965, 7.592437455542793]
17, 989, [-3.105240140146895, -5.720507214457646]
17, 990, [1.601822863590856, -3.675573661722874]
17, 991, [-5.7743166613011425, 1.4517707678912544]
17, 992, [7.027374327611394, -0.44607190974574884]
17, 993, [-7.360569725168993, -7.317183669314415]
17, 994, [4.636729546024206, -3.3107622455237964]
17, 995, [-6.925065118550224, 3.2281467069318985]
17, 996, [0.6592292619722944, 1.5263700539662253]
17, 997, [5.722629728612507, -1.0550755308083364]
17, 998, [-1.7840575151971745, 1.5772903513471768]
17, 999, [3.2916807893726983, 3.2669224396096084]
