999,938
998,67
997,959
995,660
995,505
994,970
994,699
993,963
993,793
993,753
993,641
993,290
993,179
992,574
991,193
989,301
989,148
988,4
987,482
987,337
986,152
984,323
983,958
981,950
981,114
979,951
979,622
977,156
974,497
974,138
973,735
973,648
973,30
973,16
972,827
971,766
971,490
971,108
971,44
970,699
969,292
967,111
966,772
966,281
965,349
964,647
964,605
964,497
964,251
964,224
964,138
963,793
963,753
963,641
963,587
963,339
963,290
963,179
962,663
961,144
960,376
957,440
955,785
955,684
954,428
951,622
950,114
948,925
948,556
945,838
942,579
942,489
942,45
941,653
941,90
940,783
940,770
940,464
939,327
934,127
931,406
930,590
929,914
929,807
928,389
928,355
925,556
923,857
922,407
922,391
922,6
921,37
919,121
918,882
917,131
916,851
916,426
915,823
915,784
915,765
915,719
915,675
915,578
915,576
915,470
915,322
915,285
915,246
915,196
915,41
915,11
915,9
914,807
913,506
913,411
913,300
911,759
910,764
910,436
910,185
909,212
909,40
908,747
906,334
900,217
899,638
899,409
899,255
898,310
897,610
896,778
896,725
896,600
896,587
896,586
896,447
896,335
896,308
896,307
896,192
895,602
895,289
895,12
894,876
894,707
894,441
891,842
891,14
890,303
888,709
888,662
888,145
887,69
885,613
885,478
885,430
885,57
884,804
883,32
883,13
880,404
880,345
879,460
879,317
879,63
878,226
876,707
876,441
875,797
874,352
873,200
870,141
865,742
865,560
865,457
865,256
865,238
864,379
864,209
862,587
862,447
862,307
862,192
861,774
861,691
861,370
861,96
860,830
860,527
860,350
860,52
860,6
859,775
859,382
859,340
859,204
859,139
859,3
858,655
858,466
858,29
856,782
855,419
854,644
853,531
852,72
851,426
850,262
850,173
849,567
849,247
848,359
846,722
845,417
843,199
843,101
842,14
841,367
841,8
839,752
836,755
835,821
834,568
834,203
833,23
832,189
831,474
830,527
830,350
830,52
830,6
829,171
828,700
828,324
823,784
823,765
823,675
823,576
823,470
823,246
823,196
823,41
823,11
823,9
820,746
820,553
817,577
816,155
815,748
813,799
813,245
812,235
812,93
810,801
810,388
809,618
809,547
809,302
805,572
801,388
800,416
799,245
798,47
796,625
796,493
796,46
795,126
793,753
793,641
793,587
793,339
793,290
793,179
792,325
791,509
790,668
789,306
787,642
786,491
786,475
785,684
784,719
784,675
784,578
784,576
784,470
784,322
784,285
784,246
784,196
784,41
784,11
784,9
783,770
783,464
781,555
780,6
779,689
779,681
777,688
776,756
776,438
776,202
775,340
775,204
775,3
774,691
774,370
774,96
773,128
772,281
771,768
771,630
771,600
771,587
771,447
771,410
771,308
771,307
771,192
771,75
770,464
768,630
768,600
768,587
768,447
768,410
768,308
768,307
768,192
768,75
767,546
766,490
766,108
766,44
765,675
765,470
765,246
765,196
765,11
765,9
764,579
764,502
764,295
762,548
761,716
761,696
761,515
761,237
761,147
761,99
761,83
760,757
760,140
757,140
756,438
756,202
754,142
753,641
753,339
753,290
753,179
746,553
745,348
745,164
744,703
743,708
742,560
742,477
742,457
742,380
742,256
742,238
740,498
739,86
735,648
735,30
735,16
734,146
734,28
733,275
733,110
731,232
730,669
729,597
728,539
728,394
728,248
725,586
725,335
723,535
721,658
721,523
721,386
721,129
720,286
719,675
719,578
719,576
719,470
719,322
719,285
719,246
719,41
719,9
718,678
718,580
716,696
716,515
716,237
716,147
716,99
716,83
712,181
709,662
709,145
707,441
705,542
705,304
702,229
700,324
698,604
698,425
698,369
698,7
696,237
696,83
695,160
693,395
693,184
692,588
692,363
692,344
691,370
691,96
689,681
683,616
683,192
682,514
680,562
678,580
676,387
676,239
675,578
675,576
675,470
675,322
675,285
675,246
675,196
675,41
675,11
675,9
674,153
670,557
666,614
662,145
661,646
661,265
661,36
660,505
659,529
659,472
658,523
658,386
658,129
657,284
655,466
655,29
654,636
654,194
653,90
652,550
652,465
651,564
649,330
648,30
648,16
647,605
647,224
646,265
646,36
645,364
641,290
641,179
639,612
639,27
638,409
638,255
637,583
636,194
634,85
630,600
630,587
630,447
630,410
630,308
630,307
630,192
630,75
629,237
629,158
629,83
626,515
626,326
625,493
625,46
624,268
620,479
618,547
618,302
616,192
615,122
615,42
613,478
613,430
613,57
612,27
609,454
609,338
608,505
606,260
605,224
604,425
604,369
604,7
602,289
602,12
601,68
600,587
600,447
600,410
600,308
600,307
600,192
600,75
599,415
596,487
595,177
588,363
588,344
587,447
587,442
587,410
587,308
587,307
587,280
587,192
587,166
587,75
586,335
585,452
581,456
579,489
579,45
578,576
578,470
578,322
578,285
578,246
578,41
578,9
576,470
576,322
576,285
576,246
576,196
576,41
576,11
576,9
573,254
568,203
567,247
563,168
561,91
560,457
560,256
560,238
550,465
549,331
547,302
542,304
539,394
539,248
538,187
537,259
537,197
536,518
534,517
533,100
529,472
528,174
527,350
527,52
527,6
523,386
523,129
521,73
520,481
516,188
515,326
515,312
515,288
515,237
515,147
515,130
515,99
515,25
513,314
513,167
512,353
511,133
506,411
506,300
504,424
502,295
501,175
497,251
497,138
495,423
493,46
492,373
491,475
490,108
490,44
489,45
488,449
486,468
485,195
483,0
482,337
480,258
480,170
480,120
478,430
478,57
477,238
476,418
471,61
470,322
470,285
470,246
470,196
470,41
470,11
470,9
466,29
463,221
461,77
460,317
460,63
458,309
457,256
457,238
455,401
454,338
453,264
448,117
447,410
447,308
447,307
447,192
447,166
447,75
444,228
443,191
442,307
442,280
442,166
438,202
436,185
434,225
432,421
430,57
425,369
425,7
422,59
414,210
411,300
410,308
410,307
410,192
410,75
409,255
407,391
407,6
404,345
395,184
394,248
393,186
392,371
391,6
389,355
387,239
386,129
385,104
385,66
383,295
382,139
380,333
380,256
380,238
379,209
379,112
375,346
375,291
370,96
369,7
367,8
363,344
354,351
350,52
350,6
348,164
346,291
343,250
342,83
341,243
340,204
340,3
339,290
339,179
336,198
328,119
322,285
322,246
322,41
322,9
321,315
320,299
317,63
314,167
313,163
308,307
308,192
308,75
307,280
307,192
307,166
307,75
305,278
301,148
294,124
293,253
293,252
293,38
290,179
289,12
288,130
288,83
288,25
285,246
285,41
285,9
280,166
275,110
273,54
267,109
265,36
262,173
261,79
259,197
258,170
258,120
256,238
253,252
253,38
252,38
251,138
246,196
246,41
246,11
246,9
242,56
240,26
237,158
237,147
237,83
235,93
233,165
227,53
222,88
216,71
215,22
214,108
212,40
204,3
201,123
201,54
199,101
196,41
196,11
196,9
192,166
192,75
170,120
162,150
158,83
146,28
132,21
130,83
130,25
122,42
116,89
108,44
104,66
99,83
83,25
52,6
41,11
41,9
32,13
30,16
11,9
