998,673
997,661
997,431
995,950
993,556
993,298
993,5
992,217
991,606
991,459
991,400
991,389
991,381
991,315
991,309
991,218
991,214
991,188
991,97
991,53
991,4
990,275
990,176
989,650
988,855
988,774
987,807
987,622
986,216
986,135
986,61
985,837
985,820
982,493
981,302
981,106
981,54
979,850
974,521
974,475
973,502
972,712
972,374
971,838
970,610
968,534
968,386
967,901
967,728
967,428
967,189
967,58
966,768
966,114
964,604
963,851
963,662
962,917
962,905
962,823
962,797
962,593
962,250
962,227
962,212
962,175
962,122
962,19
960,510
960,37
959,273
959,3
956,682
956,474
956,368
956,322
956,41
955,697
955,145
953,881
953,130
952,570
951,776
951,388
948,815
943,710
941,412
941,278
940,930
940,236
938,795
937,483
936,207
935,819
935,211
935,103
934,931
934,427
934,198
933,634
932,484
932,457
932,78
931,427
931,198
930,236
925,891
925,877
925,787
925,752
925,576
925,470
925,321
924,892
923,569
922,645
921,878
921,833
921,699
921,124
920,551
918,505
918,497
917,593
915,162
914,232
912,841
912,651
909,416
908,546
907,297
906,248
906,20
905,797
905,593
905,233
905,227
905,212
905,19
904,407
904,2
903,282
902,733
902,648
902,580
902,514
902,345
902,258
901,428
900,424
898,663
898,535
898,421
898,330
897,579
895,603
895,329
894,660
894,31
893,637
893,592
893,548
891,877
891,787
891,785
891,753
891,752
891,616
891,576
891,470
891,373
891,321
891,174
889,99
887,264
886,831
886,541
885,624
885,183
881,130
880,450
880,224
879,607
879,347
878,833
878,699
878,124
877,787
877,785
877,753
877,752
877,616
877,576
877,470
877,321
877,174
876,708
876,408
876,352
876,245
876,29
875,25
874,355
873,454
872,414
871,553
871,353
870,767
870,389
870,157
867,683
866,625
865,601
865,257
865,150
864,349
863,547
863,499
860,439
860,190
859,778
859,519
855,774
854,149
854,120
853,654
851,662
847,825
847,790
847,586
847,583
847,453
847,372
847,168
847,163
846,572
845,702
845,420
844,93
843,720
843,711
843,574
843,405
843,91
841,651
837,820
835,108
834,7
833,699
833,124
831,541
830,681
830,602
830,494
829,432
827,737
826,486
826,318
825,790
825,672
825,625
825,586
825,583
825,453
825,445
825,372
825,168
825,163
824,573
823,797
823,593
823,233
823,227
823,212
823,19
822,259
822,125
819,211
819,103
818,751
817,325
816,725
816,714
814,89
813,530
813,341
811,35
808,596
807,622
806,139
805,571
805,520
802,707
797,593
797,227
797,212
797,19
796,709
794,522
793,396
793,49
792,276
791,284
791,173
790,672
790,625
790,586
790,583
790,453
790,445
790,372
790,168
790,163
789,736
789,721
789,402
787,785
787,752
787,616
787,576
787,470
787,373
787,321
787,174
786,269
785,753
785,616
785,576
785,373
785,174
783,512
782,75
781,419
780,506
780,298
780,134
778,519
777,466
776,388
775,727
773,715
773,310
772,693
768,114
767,389
767,157
765,161
763,597
762,348
762,142
761,674
755,639
755,292
754,447
753,616
753,576
752,576
752,470
752,321
750,112
750,14
749,694
749,266
748,246
747,463
747,438
747,141
747,48
746,254
746,85
746,34
745,55
744,503
744,38
742,260
741,331
740,350
740,298
740,121
740,9
739,620
739,615
739,0
738,387
736,721
736,473
736,402
735,215
734,724
733,648
733,580
733,514
733,345
733,258
732,88
731,718
731,98
728,428
728,189
728,58
726,481
725,714
723,540
723,501
722,186
722,160
721,473
721,402
720,711
720,574
720,405
720,91
718,98
717,539
717,241
716,656
716,39
715,310
712,374
711,574
711,405
711,91
708,408
708,352
708,245
708,29
706,523
706,433
706,362
705,460
702,420
699,124
697,145
696,320
694,266
691,617
687,605
687,584
685,222
682,474
682,368
682,322
682,41
681,602
681,494
680,398
675,285
675,144
672,586
672,445
672,372
672,163
670,296
664,392
663,535
663,421
663,330
661,431
660,31
659,308
659,123
659,69
657,594
657,452
657,336
656,39
655,202
649,500
648,580
648,514
648,345
648,258
647,243
646,435
646,291
644,444
639,292
637,592
637,548
635,395
633,128
628,119
627,508
626,252
625,583
625,453
625,372
625,163
624,183
620,615
620,0
616,576
616,373
616,174
615,0
613,578
613,26
607,347
606,459
606,400
606,381
606,315
606,309
606,218
606,214
606,188
606,97
606,53
606,4
605,584
603,329
602,494
601,257
601,150
600,367
599,237
599,165
594,452
594,336
593,250
593,227
593,212
593,175
593,122
593,19
592,548
591,328
590,184
589,12
586,583
586,453
586,445
586,372
586,168
586,163
585,342
585,262
585,169
585,45
583,453
583,372
583,163
582,21
581,129
580,514
580,345
580,258
578,26
576,470
576,321
576,174
574,405
574,91
571,520
568,65
567,536
567,62
565,410
564,225
561,30
560,552
559,36
557,231
556,5
555,319
555,251
554,393
553,353
547,499
540,501
539,241
538,234
538,92
537,308
537,123
537,51
536,62
535,421
535,330
534,386
532,76
530,341
529,394
529,281
527,361
523,433
523,362
521,475
517,263
516,44
515,67
514,345
514,258
510,37
509,455
506,298
506,134
505,497
504,171
504,109
503,38
492,79
492,46
488,74
487,403
486,318
484,457
484,78
479,288
477,238
477,197
474,368
474,322
474,41
471,461
470,321
469,448
464,338
464,229
463,438
463,141
463,48
462,383
459,400
459,389
459,381
459,315
459,309
459,218
459,214
459,188
459,97
459,53
459,4
457,78
453,372
453,163
452,336
451,317
450,224
445,372
445,163
439,190
438,141
438,48
435,291
433,362
428,189
428,58
427,198
426,360
421,330
415,389
412,278
408,352
408,245
408,29
407,2
405,91
400,389
400,381
400,315
400,309
400,218
400,214
400,188
400,97
400,53
400,4
397,117
396,49
394,281
389,381
389,315
389,309
389,218
389,214
389,157
389,97
389,4
381,315
381,309
381,218
381,214
381,188
381,97
381,53
381,4
377,261
377,6
372,168
372,163
369,18
368,322
368,41
363,206
359,148
358,356
354,143
352,245
352,29
351,127
351,118
350,298
350,121
350,9
348,142
345,258
343,340
343,295
342,262
342,169
342,45
340,295
338,229
334,159
334,10
333,247
333,95
327,52
326,265
322,41
319,251
315,309
315,218
315,214
315,188
315,97
315,53
315,4
314,8
311,194
309,218
309,214
309,188
309,97
309,53
309,4
308,123
308,69
308,51
307,192
302,106
302,54
298,134
298,121
298,9
294,81
293,286
293,111
286,111
285,144
284,173
275,176
274,105
273,3
270,209
262,169
262,45
261,6
259,125
257,150
254,85
254,34
248,20
247,95
245,29
240,115
238,197
237,165
234,92
233,227
233,175
233,122
228,131
227,212
227,175
227,122
227,19
226,40
219,71
218,214
218,188
218,97
218,53
218,4
216,135
216,61
214,188
214,97
214,53
214,4
212,19
211,103
205,158
204,153
201,17
189,58
188,97
188,53
188,4
186,160
179,146
175,122
171,109
169,45
168,163
159,10
149,120
147,24
141,48
137,77
135,61
127,118
123,69
123,51
121,9
112,14
106,54
100,73
97,53
97,4
85,34
79,46
53,4
50,28
22,16
